<!DOCTYPE html>
<html>
<head>
<meta charset="utf-8"></head>
<body>
<FireBoxRoom>
<Assets>
<AssetObject id="Cube" src="Cube.obj" mtl="Cube.mtl" />
<AssetObject id="Cube.008" src="Cube.008.obj" mtl="Cube.008.mtl" />
<AssetObject id="Cube.014" src="Cube.014.obj" mtl="Cube.014.mtl" />
<AssetObject id="Cube.001" src="Cube.001.obj" mtl="Cube.001.mtl" />
<AssetObject id="instance_17.022_ID963.005" src="instance_17.022_ID963.005.obj" mtl="instance_17.022_ID963.005.mtl" />
<AssetObject id="instance_19_ID1627" src="instance_19_ID1627.obj" mtl="instance_19_ID1627.mtl" />
<AssetObject id="ID680" src="ID680.obj" mtl="ID680.mtl" />
<AssetObject id="Plane.033" src="Plane.033.obj" mtl="Plane.033.mtl" />
<AssetObject id="Plane.034" src="Plane.034.obj" mtl="Plane.034.mtl" />
<AssetObject id="Plane.035" src="Plane.035.obj" mtl="Plane.035.mtl" />
<AssetObject id="Plane.023" src="Plane.023.obj" mtl="Plane.023.mtl" />
<AssetObject id="ID3" src="ID3.obj" mtl="ID3.mtl" />
<AssetObject id="ID3.001" src="ID3.001.obj" mtl="ID3.001.mtl" />
<AssetObject id="ID18" src="ID18.obj" mtl="ID18.mtl" />
<AssetObject id="ID36" src="ID36.obj" mtl="ID36.mtl" />
<AssetObject id="ID31" src="ID31.obj" mtl="ID31.mtl" />
<AssetObject id="ID44" src="ID44.obj" mtl="ID44.mtl" />
<AssetObject id="ID33.002" src="ID33.002.obj" mtl="ID33.002.mtl" />
<AssetObject id="SketchUp.015_ID1983" src="SketchUp.015_ID1983.obj" mtl="SketchUp.015_ID1983.mtl" />
<AssetObject id="mesh_0_" src="mesh_0_.obj" mtl="mesh_0_.mtl" />
</Assets>
<Room fwd="0 0 1" gravity="-9.800000" walk_speed="1.800000" run_speed="5.400000" jump_velocity="5.000000" near_dist="0.002500" far_dist="500.000000" teleport_min_dist="5.000000" teleport_max_dist="100.000000" default_sounds="true" cursor_visible="true" fog="false" fog_mode="exp" fog_density="0.200000" fog_start="1.000000" fog_end="100.000000" fog_col="0.800000 0.800000 0.800000" locked="false" use_local_asset="room_plane" visible="false" col="1.000000 1.000000 1.000000">
<Object id="Cube" locked="false" cull_face="back" visible="true" col="1 1 1" lighting="false" collision_id="Cube" pos="17.611628 0.000000 4.964176" scale="1.000000 1.000000 1.000000" xdir="1.0 0.0 0.0" ydir="0.0 1.0 0.0" zdir="0.0 0.0 1.0" />
<Object id="Cube.008" locked="false" cull_face="back" visible="true" col="1 1 1" lighting="true" collision_id="Cube.008" pos="-7.774165 3.652502 -2.156505" scale="0.200000 0.200000 0.200000" xdir="-0.032714713364839554 -0.9994646906852722 0.0" ydir="0.9994646906852722 -0.032714713364839554 0.0" zdir="0.0 0.0 1.0" />
<Object id="Cube.014" locked="false" cull_face="back" visible="true" col="1 1 1" lighting="true" collision_id="Cube.014" pos="-0.575899 3.847254 -0.417666" scale="0.400000 0.400000 0.400000" xdir="1.0 0.0 0.0" ydir="0.0 1.0 0.0" zdir="0.0 0.0 1.0" />
<Object id="Cube.001" locked="false" cull_face="back" visible="true" col="1 1 1" lighting="true" collision_id="Cube.001" pos="-1.000000 3.400000 -6.000000" scale="1.000000 1.000000 1.000000" xdir="1.0 0.0 0.0" ydir="0.0 1.0 0.0" zdir="0.0 0.0 1.0" />
<Object id="instance_17.022_ID963.005" locked="false" cull_face="back" visible="true" col="1 1 1" lighting="true" collision_id="instance_17.022_ID963.005" pos="-0.456085 3.407118 -5.457712" scale="1.000000 1.000000 1.000000" xdir="1.0 0.0 0.0" ydir="0.0 1.0 0.0" zdir="0.0 0.0 1.0" />
<Object id="instance_19_ID1627" locked="false" cull_face="back" visible="true" col="1 1 1" lighting="true" collision_id="instance_19_ID1627" pos="0.000000 0.000000 -0.000000" scale="1.000000 1.000000 1.000000" xdir="1.0 0.0 0.0" ydir="0.0 1.0 0.0" zdir="0.0 0.0 1.0" />
<Object id="ID680" locked="false" cull_face="back" visible="true" col="1 1 1" lighting="true" collision_id="ID680" pos="0.000000 226.947495 -428.346497" scale="1.000000 1.000000 1.000000" xdir="1.0 0.0 0.0" ydir="0.0 1.0 0.0" zdir="0.0 0.0 1.0" />
<Object id="Plane.033" locked="false" cull_face="back" visible="true" col="1 1 1" lighting="true" collision_id="Plane.033" pos="-2.382621 0.830438 -6.173711" scale="1.000000 1.000000 1.000000" xdir="-0.382494181394577 0.9017292857170105 0.20145145058631897" ydir="-0.7978373169898987 -0.43230143189430237 0.4202037453651428" zdir="0.4659976363182068 0.0 0.884786069393158" />
<Object id="Plane.034" locked="false" cull_face="back" visible="true" col="1 1 1" lighting="true" collision_id="Plane.034" pos="-5.763504 0.890951 -3.435772" scale="1.000000 1.000000 1.000000" xdir="-0.876201331615448 -0.1389637589454651 0.46147632598876953" ydir="0.12295317649841309 -0.9902974963188171 -0.06475678831338882" zdir="0.4659976065158844 0.0 0.884786069393158" />
<Object id="Plane.035" locked="false" cull_face="back" visible="true" col="1 1 1" lighting="true" collision_id="Plane.035" pos="-5.776622 0.907785 -3.685475" scale="1.000000 1.000000 1.000000" xdir="0.7934251427650452 -0.45312368869781494 -0.40639325976371765" ydir="0.37636858224868774 0.8899674415588379 -0.25749698281288147" zdir="0.47835472226142883 0.0513509139418602 0.8766640424728394" />
<Object id="Plane.023" locked="false" cull_face="back" visible="true" col="1 1 1" lighting="true" collision_id="Plane.023" pos="-2.174023 1.075320 -1.309312" scale="1.000000 1.000000 1.000000" xdir="1.0 0.0 0.0" ydir="0.0 1.0 0.0" zdir="0.0 0.0 1.0" />
<Object id="ID3" locked="false" cull_face="none" visible="true" col="1 1 1" lighting="false" collision_id="ID3" pos="-9.000000 0.000000 -0.000000" scale="1.000000 1.000000 1.000000" xdir="1.0 0.0 0.0" ydir="0.0 1.0 0.0" zdir="0.0 0.0 1.0" />
<Object id="ID3.001" locked="false" cull_face="back" visible="true" col="1 1 1" lighting="true" collision_id="ID3.001" pos="-1.361738 0.000000 -2.951641" scale="1.000000 1.000000 1.000000" xdir="1.0 0.0 0.0" ydir="0.0 1.0 0.0" zdir="0.0 0.0 1.0" />
<Object id="ID18" locked="false" cull_face="back" visible="true" col="1 1 1" lighting="true" collision_id="ID18" pos="-7.145401 -0.009742 -4.161813" scale="1.000000 1.000000 1.000000" xdir="1.0 0.0 0.0" ydir="0.0 1.0 0.0" zdir="0.0 0.0 1.0" />
<Object id="ID36" locked="false" cull_face="back" visible="true" col="1 1 1" lighting="true" collision_id="ID36" pos="-9.000000 0.000000 -0.000000" scale="1.000000 1.000000 1.000000" xdir="1.0 0.0 0.0" ydir="0.0 1.0 0.0" zdir="0.0 0.0 1.0" />
<Object id="ID31" locked="false" cull_face="back" visible="true" col="1 1 1" lighting="true" collision_id="ID31" pos="-2.149598 0.000000 0.329400" scale="1.000000 1.000000 1.000000" xdir="1.0 0.0 0.0" ydir="0.0 1.0 0.0" zdir="0.0 0.0 1.0" />
<Object id="ID44" locked="false" cull_face="back" visible="true" col="1 1 1" lighting="true" collision_id="ID44" pos="-9.822447 0.000000 -0.902889" scale="1.000000 1.000000 1.000000" xdir="1.0 0.0 0.0" ydir="0.0 1.0 0.0" zdir="0.0 0.0 1.0" />
<Object id="ID33.002" locked="false" cull_face="back" visible="true" col="1 1 1" lighting="true" collision_id="ID33.002" pos="-18.000000 0.000000 12.000000" scale="1.000000 1.000000 1.000000" xdir="1.0 0.0 0.0" ydir="0.0 1.0 0.0" zdir="0.0 0.0 1.0" />
<Object id="SketchUp.015_ID1983" locked="false" cull_face="back" visible="true" col="1 1 1" lighting="true" collision_id="SketchUp.015_ID1983" pos="0.000000 0.000000 -0.000000" scale="1.000000 1.000000 1.000000" xdir="1.0 0.0 0.0" ydir="0.0 1.0 0.0" zdir="0.0 0.0 1.0" />
<Object id="mesh_0_" locked="false" cull_face="back" visible="true" col="1 1 1" lighting="true" collision_id="mesh_0_" pos="-3.192190 4.067824 -6.178195" scale="1.000000 1.000000 1.000000" xdir="1.0 0.0 0.0" ydir="0.0 1.0 0.0" zdir="0.0 0.0 1.0" />
</Room>
</FireBoxRoom>
</body>
</html>
